[player] player = {e@1791} ""
 ao = 1703948974094
 ap = 20
 c = {Thread@1430} "Thread[Thread-3,1,main]"
 ar = 1000
 d = 0
 as = false
 at = 0
 au = 1
 av = {long[10]@1981} [1703948974493, 1703948974410, 1703948974427, 1703948974430, 1703948974435, 1703948974454, 1703948974458, 1703948974464, 1703948974469, 1703948974489]
 aw = -4821
 e = ""
 f = ""
 g = false
 h = 0
 i = "man13241234"
 j = ""
 k = false
 l = false
 m = false
 n = false
 o = false
 p = false
 q = false
 ax = false
 r = 3
 s = 0
 aA = 0
 aB = -1
 aC = 20
 aD = false
 aE = null
 t = 122 // gets current mouse pointer x coordinate in the applet window
 u = 214 // // gets current mouse pointer y coordinate in the applet window
 v = 0
 w = false
 x = false
 y = false
 z = false
 aF = {Test_RSCE@1786} "Test_RSCE[panel0,0,0,511x342,layout=java.awt.FlowLayout]"
 aH = 0 // get width of current applet window
 aI = 0 // get height of current applet window
 aJ = 0
 aK = 0
 aL = 0
 aM = 0
 aN = {int[8][]@1984}
 aO = {int[8]@1985} [0, 1, 2, 1, 0, 0, 0, 0]
 aP = {int[8]@1986} [0, 0, 0, 0, 0, 1, 2, 1]
 aQ = {int[4]@1987} [0, 1, 2, 1]
 aR = 1
 aS = 0
 aT = 0
 aU = 0
 aV = {int[500]@1988} [0, 0, 0, 0, 0, 0, 0, 0, 0, 0, 0, 0, 0, 0, 0, 0, 0, 0, 0, 0, 0, 0, 0, 0, 0, 0, 0, 0, 0, 0, 0, 0, 0, 0, 0, 0, 0, 0, 0, 0, 0, 0, 0, 0, 0, 0, 0, 0, 0, 0, 0, 0, 0, 0, 0, 0, 0, 0, 0, 0, 0, 0, 0, 0, 0, 0, 0, 0, 0, 0, 0, 0, 0, 0, 0, 0, 0, 0, 0, 0, 0, 0, 0, 0, 0, 0, 0, 0, 0, 0, 0, 0, 0, 0, 0, 0, 0, 0, 0, 0, +400 more]
 aW = {int[500]@1989} [0, 0, 0, 0, 0, 0, 0, 0, 0, 0, 0, 0, 0, 0, 0, 0, 0, 0, 0, 0, 0, 0, 0, 0, 0, 0, 0, 0, 0, 0, 0, 0, 0, 0, 0, 0, 0, 0, 0, 0, 0, 0, 0, 0, 0, 0, 0, 0, 0, 0, 0, 0, 0, 0, 0, 0, 0, 0, 0, 0, 0, 0, 0, 0, 0, 0, 0, 0, 0, 0, 0, 0, 0, 0, 0, 0, 0, 0, 0, 0, 0, 0, 0, 0, 0, 0, 0, 0, 0, 0, 0, 0, 0, 0, 0, 0, 0, 0, 0, 0, +400 more]
 aX = {int[500]@1990} [0, 0, 0, 0, 0, 0, 0, 0, 0, 0, 0, 0, 0, 0, 0, 0, 0, 0, 0, 0, 0, 0, 0, 0, 0, 0, 0, 0, 0, 0, 0, 0, 0, 0, 0, 0, 0, 0, 0, 0, 0, 0, 0, 0, 0, 0, 0, 0, 0, 0, 0, 0, 0, 0, 0, 0, 0, 0, 0, 0, 0, 0, 0, 0, 0, 0, 0, 0, 0, 0, 0, 0, 0, 0, 0, 0, 0, 0, 0, 0, 0, 0, 0, 0, 0, 0, 0, 0, 0, 0, 0, 0, 0, 0, 0, 0, 0, 0, 0, 0, +400 more]
 A = 50
 B = 0
 aY = -1
 aZ = 1
 ba = false
 bb = 6226
 bc = 8018
 bd = 32
 be = true
 bf = 912
 bg = 8
 bh = 20
 C = 550
 bi = 0
 bj = {int[150]@1991} [0, 0, 0, 0, 0, 0, 0, 0, 0, 0, 0, 0, 0, 0, 0, 0, 0, 0, 0, 0, 0, 0, 0, 0, 0, 0, 0, 0, 0, 0, 0, 0, 0, 0, 0, 0, 0, 0, 0, 0, 0, 0, 0, 0, 0, 0, 0, 0, 0, 0, 0, 0, 0, 0, 0, 0, 0, 0, 0, 0, 0, 0, 0, 0, 0, 0, 0, 0, 0, 0, 0, 0, 0, 0, 0, 0, 0, 0, 0, 0, 0, 0, 0, 0, 0, 0, 0, 0, 0, 0, 0, 0, 0, 0, 0, 0, 0, 0, 0, 0, +50 more]
 bk = {int[150]@1992} [0, 0, 0, 0, 0, 0, 0, 0, 0, 0, 0, 0, 0, 0, 0, 0, 0, 0, 0, 0, 0, 0, 0, 0, 0, 0, 0, 0, 0, 0, 0, 0, 0, 0, 0, 0, 0, 0, 0, 0, 0, 0, 0, 0, 0, 0, 0, 0, 0, 0, 0, 0, 0, 0, 0, 0, 0, 0, 0, 0, 0, 0, 0, 0, 0, 0, 0, 0, 0, 0, 0, 0, 0, 0, 0, 0, 0, 0, 0, 0, 0, 0, 0, 0, 0, 0, 0, 0, 0, 0, 0, 0, 0, 0, 0, 0, 0, 0, 0, 0, +50 more]
 bl = {int[150]@1993} [0, 0, 0, 0, 0, 0, 0, 0, 0, 0, 0, 0, 0, 0, 0, 0, 0, 0, 0, 0, 0, 0, 0, 0, 0, 0, 0, 0, 0, 0, 0, 0, 0, 0, 0, 0, 0, 0, 0, 0, 0, 0, 0, 0, 0, 0, 0, 0, 0, 0, 0, 0, 0, 0, 0, 0, 0, 0, 0, 0, 0, 0, 0, 0, 0, 0, 0, 0, 0, 0, 0, 0, 0, 0, 0, 0, 0, 0, 0, 0, 0, 0, 0, 0, 0, 0, 0, 0, 0, 0, 0, 0, 0, 0, 0, 0, 0, 0, 0, 0, +50 more]
 bm = {int[150]@1994} [0, 0, 0, 0, 0, 0, 0, 0, 0, 0, 0, 0, 0, 0, 0, 0, 0, 0, 0, 0, 0, 0, 0, 0, 0, 0, 0, 0, 0, 0, 0, 0, 0, 0, 0, 0, 0, 0, 0, 0, 0, 0, 0, 0, 0, 0, 0, 0, 0, 0, 0, 0, 0, 0, 0, 0, 0, 0, 0, 0, 0, 0, 0, 0, 0, 0, 0, 0, 0, 0, 0, 0, 0, 0, 0, 0, 0, 0, 0, 0, 0, 0, 0, 0, 0, 0, 0, 0, 0, 0, 0, 0, 0, 0, 0, 0, 0, 0, 0, 0, +50 more]
 bn = 0
 bo = {int[150]@1995} [0, 0, 0, 0, 0, 0, 0, 0, 0, 0, 0, 0, 0, 0, 0, 0, 0, 0, 0, 0, 0, 0, 0, 0, 0, 0, 0, 0, 0, 0, 0, 0, 0, 0, 0, 0, 0, 0, 0, 0, 0, 0, 0, 0, 0, 0, 0, 0, 0, 0, 0, 0, 0, 0, 0, 0, 0, 0, 0, 0, 0, 0, 0, 0, 0, 0, 0, 0, 0, 0, 0, 0, 0, 0, 0, 0, 0, 0, 0, 0, 0, 0, 0, 0, 0, 0, 0, 0, 0, 0, 0, 0, 0, 0, 0, 0, 0, 0, 0, 0, +50 more]
 bp = {int[150]@1996} [0, 0, 0, 0, 0, 0, 0, 0, 0, 0, 0, 0, 0, 0, 0, 0, 0, 0, 0, 0, 0, 0, 0, 0, 0, 0, 0, 0, 0, 0, 0, 0, 0, 0, 0, 0, 0, 0, 0, 0, 0, 0, 0, 0, 0, 0, 0, 0, 0, 0, 0, 0, 0, 0, 0, 0, 0, 0, 0, 0, 0, 0, 0, 0, 0, 0, 0, 0, 0, 0, 0, 0, 0, 0, 0, 0, 0, 0, 0, 0, 0, 0, 0, 0, 0, 0, 0, 0, 0, 0, 0, 0, 0, 0, 0, 0, 0, 0, 0, 0, +50 more]
 bq = {String[150]@1997} [null, null, null, null, null, +145 more]
 br = {int[150]@1998} [0, 0, 0, 0, 0, 0, 0, 0, 0, 0, 0, 0, 0, 0, 0, 0, 0, 0, 0, 0, 0, 0, 0, 0, 0, 0, 0, 0, 0, 0, 0, 0, 0, 0, 0, 0, 0, 0, 0, 0, 0, 0, 0, 0, 0, 0, 0, 0, 0, 0, 0, 0, 0, 0, 0, 0, 0, 0, 0, 0, 0, 0, 0, 0, 0, 0, 0, 0, 0, 0, 0, 0, 0, 0, 0, 0, 0, 0, 0, 0, 0, 0, 0, 0, 0, 0, 0, 0, 0, 0, 0, 0, 0, 0, 0, 0, 0, 0, 0, 0, +50 more]
 bs = {int[150]@1999} [0, 0, 0, 0, 0, 0, 0, 0, 0, 0, 0, 0, 0, 0, 0, 0, 0, 0, 0, 0, 0, 0, 0, 0, 0, 0, 0, 0, 0, 0, 0, 0, 0, 0, 0, 0, 0, 0, 0, 0, 0, 0, 0, 0, 0, 0, 0, 0, 0, 0, 0, 0, 0, 0, 0, 0, 0, 0, 0, 0, 0, 0, 0, 0, 0, 0, 0, 0, 0, 0, 0, 0, 0, 0, 0, 0, 0, 0, 0, 0, 0, 0, 0, 0, 0, 0, 0, 0, 0, 0, 0, 0, 0, 0, 0, 0, 0, 0, 0, 0, +50 more]
 bt = {int[150]@2000} [0, 0, 0, 0, 0, 0, 0, 0, 0, 0, 0, 0, 0, 0, 0, 0, 0, 0, 0, 0, 0, 0, 0, 0, 0, 0, 0, 0, 0, 0, 0, 0, 0, 0, 0, 0, 0, 0, 0, 0, 0, 0, 0, 0, 0, 0, 0, 0, 0, 0, 0, 0, 0, 0, 0, 0, 0, 0, 0, 0, 0, 0, 0, 0, 0, 0, 0, 0, 0, 0, 0, 0, 0, 0, 0, 0, 0, 0, 0, 0, 0, 0, 0, 0, 0, 0, 0, 0, 0, 0, 0, 0, 0, 0, 0, 0, 0, 0, 0, 0, +50 more]
 bu = 0
 bv = {int[150]@2001} [0, 0, 0, 0, 0, 0, 0, 0, 0, 0, 0, 0, 0, 0, 0, 0, 0, 0, 0, 0, 0, 0, 0, 0, 0, 0, 0, 0, 0, 0, 0, 0, 0, 0, 0, 0, 0, 0, 0, 0, 0, 0, 0, 0, 0, 0, 0, 0, 0, 0, 0, 0, 0, 0, 0, 0, 0, 0, 0, 0, 0, 0, 0, 0, 0, 0, 0, 0, 0, 0, 0, 0, 0, 0, 0, 0, 0, 0, 0, 0, 0, 0, 0, 0, 0, 0, 0, 0, 0, 0, 0, 0, 0, 0, 0, 0, 0, 0, 0, 0, +50 more]
 bw = {int[150]@2002} [0, 0, 0, 0, 0, 0, 0, 0, 0, 0, 0, 0, 0, 0, 0, 0, 0, 0, 0, 0, 0, 0, 0, 0, 0, 0, 0, 0, 0, 0, 0, 0, 0, 0, 0, 0, 0, 0, 0, 0, 0, 0, 0, 0, 0, 0, 0, 0, 0, 0, 0, 0, 0, 0, 0, 0, 0, 0, 0, 0, 0, 0, 0, 0, 0, 0, 0, 0, 0, 0, 0, 0, 0, 0, 0, 0, 0, 0, 0, 0, 0, 0, 0, 0, 0, 0, 0, 0, 0, 0, 0, 0, 0, 0, 0, 0, 0, 0, 0, 0, +50 more]
 bx = null
 by = {b@2389}
 bz = 5359
 bA = 0
 bB = 0
 bC = 10
 bD = 12
 bE = 7
 bF = 0
 bG = 1
 bH = 4
 bI = 0
 bJ = 0
 bK = 0
 bL = 0
 bM = 0
 bN = 2480
 bO = 2432
 bP = 2416
 bQ = 2368
 bR = {b@2004} "GAME"
 bS = 0
 bT = false
 bU = ""
 bV = 0
 bW = -1
 bX = -1
 bY = -1
 bZ = -1
 ca = {int[8]@2005} [0, 0, 0, 0, 0, 0, 0, 0]
 cb = {int[8]@2006} [0, 0, 0, 0, 0, 0, 0, 0]
 cc = 0
 cd = false
 ce = 0
 cf = {int[8]@2007} [0, 0, 0, 0, 0, 0, 0, 0]
 cg = {int[8]@2008} [0, 0, 0, 0, 0, 0, 0, 0]
 ch = false
 ci = 0
 cj = {int[8]@2009} [0, 0, 0, 0, 0, 0, 0, 0]
 ck = {int[8]@2010} [0, 0, 0, 0, 0, 0, 0, 0]
 cl = {int[8]@2011} [0, 0, 0, 0, 0, 0, 0, 0]
 cm = {int[8]@2012} [0, 0, 0, 0, 0, 0, 0, 0]
 cn = 0
 co = null
 cp = 0
 cq = 0
 cr = 0
 cs = 0
 ct = false
 cu = false
 cv = false
 cw = false
 cx = {String[5]@2013} ["Armour", "WeaponAim", "WeaponPower", "Magic", "Prayer"]
 cy = false
 cz = false
 cA = false
 cB = {int[99]@2014} [83, 174, 276, 388, 512, 650, 801, 969, 1154, 1358, 1584, 1833, 2107, 2411, 2746, 3115, 3523, 3973, 4470, 5018, 5624, 6291, 7028, 7842, 8740, 9730, 10824, 12031, 13363, 14833, 16456, 18247, 20224, 22406, 24815, 27473, 30408, 33648, 37224, 41171, 45529, 50339, 55649, 61512, 67983, 75127, 83014, 91721, 101333, 111945, 123660, 136594, 150872, 166636, 184040, 203254, 224466, 247886, 273742, 302288, 333804, 368599, 407015, 449428, 496254, 547953, 605032, 668051, 737627, 814445, 899257, 992895, 1096278, 1210421, 1336443, 1475581, 1629200, 1798808, 1986068, 2192818, 2421087, 2673114, 2951373, 3258594, 3597792, 3972294, 4385776, 4842295, 5346332, 5902831, 6517253, 7195629, 7944614, 8771558, 9684577, 10692629, 11805606, 13034431, 14391160]
 cC = 0
 cD = false
 cE = 334
 cF = {boolean[5000]@2015} [false, false, false, false, false, false, false, false, false, false, false, false, false, false, false, false, false, false, false, false, false, false, false, false, false, false, false, false, false, false, false, false, false, false, false, false, false, false, false, false, false, false, false, false, false, false, false, false, false, false, false, false, false, false, false, false, false, false, false, false, false, false, false, false, false, false, false, false, false, false, false, false, false, false, false, false, false, false, false, false, false, false, false, false, false, false, false, false, false, false, false, false, false, false, false, false, false, false, false, false, +4,900 more]
 cG = 47
 cH = {int[5000]@2016} [0, 6, 0, 0, 0, 0, 0, 0, 0, 0, 0, 2, 0, 1, 0, 1, 0, 0, 0, 0, 0, 0, 0, 0, 0, 0, 0, 0, 0, 4, 0, 0, 0, 0, 0, 0, 0, 0, 0, 0, 0, 0, 4, 0, 0, 0, 0, 0, 0, 0, 0, 0, 0, 0, 0, 0, 0, 0, 0, 0, 0, 0, 0, 0, 0, 0, 0, 0, 0, 0, 0, 0, 0, 0, 0, 0, 0, 0, 0, 0, 0, 0, 0, 0, 0, 0, 0, 0, 0, 0, 0, 0, 0, 0, 0, 0, 0, 0, 0, 0, +4,900 more]
 cI = {int[5000]@2017} [1, 118, 1, 27, 1, 1, 34, 1, 34, 4, 25, 29, 34, 34, 1, 34, 1, 1, 34, 1, 1, 34, 0, 1, 1, 0, 1, 1, 0, 89, 0, 4, 1, 0, 25, 1, 25, 1, 4, 0, 34, 34, 59, 1, 1, 5, 1, 1, 1, 1, 1, 1, 1, 0, 0, 0, 0, 0, 0, 0, 0, 0, 0, 0, 0, 0, 0, 0, 0, 0, 0, 0, 0, 0, 0, 0, 0, 0, 0, 0, 0, 0, 0, 0, 0, 0, 0, 0, 0, 0, 0, 0, 0, 0, 0, 0, 0, 0, 0, 0, +4,900 more]
 cJ = {b[5000]@2018}
 cK = {int[5000]@2019} [55, 34, 48, 41, 35, 35, 51, 42, 63, 62, 36, 39, 56, 51, 41, 49, 50, 33, 54, 34, 44, 62, 47, 48, 55, 33, 36, 34, 46, 35, 53, 54, 49, 55, 38, 46, 34, 53, 59, 54, 57, 53, 39, 50, 39, 43, 53, 53, 53, 53, 53, 53, 53, 0, 0, 0, 0, 0, 0, 0, 0, 0, 0, 0, 0, 0, 0, 0, 0, 0, 0, 0, 0, 0, 0, 0, 0, 0, 0, 0, 0, 0, 0, 0, 0, 0, 0, 0, 0, 0, 0, 0, 0, 0, 0, 0, 0, 0, 0, 0, +4,900 more]
 cL = {int[5000]@2020} [60, 50, 60, 76, 70, 57, 72, 63, 69, 65, 74, 65, 76, 67, 67, 70, 59, 60, 70, 59, 65, 73, 59, 66, 66, 57, 72, 60, 66, 66, 53, 65, 68, 52, 74, 69, 74, 68, 62, 51, 73, 76, 54, 68, 71, 72, 59, 59, 59, 59, 59, 59, 59, 0, 0, 0, 0, 0, 0, 0, 0, 0, 0, 0, 0, 0, 0, 0, 0, 0, 0, 0, 0, 0, 0, 0, 0, 0, 0, 0, 0, 0, 0, 0, 0, 0, 0, 0, 0, 0, 0, 0, 0, 0, 0, 0, 0, 0, 0, 0, +4,900 more]
 cM = 512
 cN = 2
 cO = {int[5000]@2021} [11, 241, 241, 0, 0, 0, 0, 0, 0, 0, 0, 0, 0, 0, 0, 0, 0, 0, 0, 0, 0, 0, 0, 0, 0, 0, 0, 0, 0, 0, 0, 0, 0, 0, 0, 0, 0, 0, 0, 0, 0, 0, 0, 0, 0, 0, 0, 0, 0, 0, 0, 0, 0, 0, 0, 0, 0, 0, 0, 0, 0, 0, 0, 0, 0, 0, 0, 0, 0, 0, 0, 0, 0, 0, 0, 0, 0, 0, 0, 0, 0, 0, 0, 0, 0, 0, 0, 0, 0, 0, 0, 0, 0, 0, 0, 0, 0, 0, 0, 0, +4,900 more]
 cP = {int[5000]@2022} [44, 62, 62, 0, 0, 0, 0, 0, 0, 0, 0, 0, 0, 0, 0, 0, 0, 0, 0, 0, 0, 0, 0, 0, 0, 0, 0, 0, 0, 0, 0, 0, 0, 0, 0, 0, 0, 0, 0, 0, 0, 0, 0, 0, 0, 0, 0, 0, 0, 0, 0, 0, 0, 0, 0, 0, 0, 0, 0, 0, 0, 0, 0, 0, 0, 0, 0, 0, 0, 0, 0, 0, 0, 0, 0, 0, 0, 0, 0, 0, 0, 0, 0, 0, 0, 0, 0, 0, 0, 0, 0, 0, 0, 0, 0, 0, 0, 0, 0, 0, +4,900 more]
 cQ = {int[5000]@2023} [72, 47, 47, 0, 0, 0, 0, 0, 0, 0, 0, 0, 0, 0, 0, 0, 0, 0, 0, 0, 0, 0, 0, 0, 0, 0, 0, 0, 0, 0, 0, 0, 0, 0, 0, 0, 0, 0, 0, 0, 0, 0, 0, 0, 0, 0, 0, 0, 0, 0, 0, 0, 0, 0, 0, 0, 0, 0, 0, 0, 0, 0, 0, 0, 0, 0, 0, 0, 0, 0, 0, 0, 0, 0, 0, 0, 0, 0, 0, 0, 0, 0, 0, 0, 0, 0, 0, 0, 0, 0, 0, 0, 0, 0, 0, 0, 0, 0, 0, 0, +4,900 more]
 D = {c@2024} "ACT_0"
 cR = true
 cS = 0
 cT = null
 cU = false
 cV = 0
 cW = false
 cX = 30
 cY = {int[35]@2025} [0, 0, 1, 0, 0, 0, 0, 0, 0, 0, 0, 0, 0, 0, 0, 0, 0, 0, 0, 0, 0, 0, 0, 0, 0, 0, 0, 0, 0, 0, 0, 0, 0, 0, 0]
 cZ = {int[35]@2026} [166, 132, 70, 108, 117, 206, 4, 376, 156, 33, 35, 32, 34, 36, 1263, 11, 188, 132, 132, 132, 132, 132, 132, 132, 132, 132, 132, 441, 20, 87, 0, 0, 0, 0, 0]
 da = {int[35]@2027} [1, 1, 1, 1, 1, 1, 1, 1, 1, 12, 8, 3, 2, 1, 1, 25, 1, 1, 1, 1, 1, 1, 1, 1, 1, 1, 1, 1, 1, 1, 0, 0, 0, 0, 0]
 db = false
 dc = 1
 dd = {d[500]@2028}
 de = 0
 df = 2
 dg = 3
 dh = 1
 di = false
 dj = 0
 dk = {String[20]@2029} [null, null, null, null, null, +15 more]
 dl = 46
 dm = 10
 dn = 0
 do = 639
 dp = 30
 dq = 1
 dr = 19
 ds = 2
 dt = 65
 du = 62
 dv = 32
 dw = 23
 dx = 0
 dy = true
 dz = true
 dA = 0
 dB = ""
 dC = 0
 dD = 0
 dE = 4
 dF = 17
 dG = 2
 dH = {int[5000]@2030} [0, 0, 0, 0, 0, 0, 0, 0, 0, 0, 0, 0, 0, 0, 0, 0, 0, 0, 0, 0, 0, 0, 0, 0, 0, 0, 0, 0, 0, 0, 0, 0, 0, 0, 0, 0, 0, 0, 0, 0, 0, 0, 0, 0, 0, 0, 0, 0, 0, 0, 0, 0, 0, 0, 0, 0, 0, 0, 0, 0, 0, 0, 0, 0, 0, 0, 0, 0, 0, 0, 0, 0, 0, 0, 0, 0, 0, 0, 0, 0, 0, 0, 0, 0, 0, 0, 0, 0, 0, 0, 0, 0, 0, 0, 0, 0, 0, 0, 0, 0, +4,900 more]
 dI = 14
 dJ = 39
 dK = -1
 dL = 25
 dM = 349
 dN = 0
 dO = 5
 dP = 9
 dQ = 944
 dR = 44
 dS = 142
 dT = false
 dU = 0
 dV = 2
 dW = 8
 dX = 1703948974480
 dY = -1
 dZ = 30
 ea = 0
 eb = 13
 ec = 0
 ed = 0
 ee = 707
 ef = 37
 F = {d@2031}
 eg = {d@2032}
 eh = false
 ei = 0
 ej = 0
 ek = {d@2033}
 el = false
 em = 0
 en = 0
 eo = true
 ep = 0
 eq = 0
 er = 0
 es = 0
 et = 0
 eu = 0
 ev = 0
 ew = 0
 ex = 0
 ey = {e@2034} "ALL"
 ez = 96
 eA = 576
 eB = 0
 eC = 0
 eD = {b[1000]@2035}
 G = 0
 eE = 0
 eF = 0
 eG = 16
 eH = {int[8192]@2036} [245, 182, 182, 367, 177, 427, 313, 303, 70, 76, 107, 92, 133, 338, 327, 122, 0, 0, 0, 0, 0, 0, 0, 0, 0, 0, 0, 0, 0, 0, 0, 0, 0, 0, 0, 0, 0, 0, 0, 0, 0, 0, 0, 0, 0, 0, 0, 0, 0, 0, 0, 0, 0, 0, 0, 0, 0, 0, 0, 0, 0, 0, 0, 0, 0, 0, 0, 0, 0, 0, 0, 0, 0, 0, 0, 0, 0, 0, 0, 0, 0, 0, 0, 0, 0, 0, 0, 0, 0, 0, 0, 0, 0, 0, 0, 0, 0, 0, 0, 0, +8,092 more]
 eI = 22
 eJ = {int[8192]@2037} [274, 261, 313, 247, 268, 247, 213, 197, 174, 211, 203, 191, 168, 234, 228, 214, 0, 0, 0, 0, 0, 0, 0, 0, 0, 0, 0, 0, 0, 0, 0, 0, 0, 0, 0, 0, 0, 0, 0, 0, 0, 0, 0, 0, 0, 0, 0, 0, 0, 0, 0, 0, 0, 0, 0, 0, 0, 0, 0, 0, 0, 0, 0, 0, 0, 0, 0, 0, 0, 0, 0, 0, 0, 0, 0, 0, 0, 0, 0, 0, 0, 0, 0, 0, 0, 0, 0, 0, 0, 0, 0, 0, 0, 0, 0, 0, 0, 0, 0, 0, +8,092 more]
 eK = 122
 eL = 214
 eM = 0
 eN = {int[500]@2038} [0, 0, 0, 0, 0, 0, 0, 0, 0, 0, 0, 0, 0, 0, 0, 0, 0, 0, 0, 0, 0, 0, 0, 0, 0, 0, 0, 0, 0, 0, 0, 0, 0, 0, 0, 0, 0, 0, 0, 0, 0, 0, 0, 0, 0, 0, 0, 0, 0, 0, 0, 0, 0, 0, 0, 0, 0, 0, 0, 0, 0, 0, 0, 0, 0, 0, 0, 0, 0, 0, 0, 0, 0, 0, 0, 0, 0, 0, 0, 0, 0, 0, 0, 0, 0, 0, 0, 0, 0, 0, 0, 0, 0, 0, 0, 0, 0, 0, 0, 0, +400 more]
 eO = {int[500]@2039} [0, 0, 0, 0, 0, 0, 0, 0, 0, 0, 0, 0, 0, 0, 0, 0, 0, 0, 0, 0, 0, 0, 0, 0, 0, 0, 0, 0, 0, 0, 0, 0, 0, 0, 0, 0, 0, 0, 0, 0, 0, 0, 0, 0, 0, 0, 0, 0, 0, 0, 0, 0, 0, 0, 0, 0, 0, 0, 0, 0, 0, 0, 0, 0, 0, 0, 0, 0, 0, 0, 0, 0, 0, 0, 0, 0, 0, 0, 0, 0, 0, 0, 0, 0, 0, 0, 0, 0, 0, 0, 0, 0, 0, 0, 0, 0, 0, 0, 0, 0, +400 more]
 eP = 15
 eQ = 15
 eR = {d[500]@2040}
 eS = {d[500]@2041}
 eT = {d[5000]@2042}
 eU = 2
 eV = 1
 eW = 2
 eX = 3
 eY = true
 eZ = false
 fa = false
 H = true
 I = false
 J = true
 K = true
 L = false
 M = false
 N = false
 O = false
 P = false
 Q = false
 R = false
 S = false
 T = 1
 U = 0
 V = 0
 fb = {e@2043}
 fc = {h@2044}
 fd = {h@2045}
 fe = {h@2046}
 ff = {h@2047}
 fg = 0
 fh = 1
 fi = 6
 fj = 3
 fk = 4
 fl = 2
 fm = 5
 fn = {h@2048}
 fo = {h@2049}
 fp = {h@2050}
 fq = {h@2051}
 fr = {h@2052}
 fs = {i@2053} "NONE"
 ft = 0
 fu = "1234"
 fv = {int[8000]@2055} [46, 47, 49, 48, 48, 47, 49, 47, 49, 46, 46, 46, 50, 50, 50, 48, 47, 49, 47, 46, 49, 50, 46, 50, 45, 45, 45, 45, 51, 51, 51, 51, 51, 55, 52, 51, 55, 54, 55, 50, 56, 49, 49, 49, 0, 0, 0, 0, 0, 0, 0, 0, 0, 0, 0, 0, 0, 0, 0, 0, 0, 0, 0, 0, 0, 0, 0, 0, 0, 0, 0, 0, 0, 0, 0, 0, 0, 0, 0, 0, 0, 0, 0, 0, 0, 0, 0, 0, 0, 0, 0, 0, 0, 0, 0, 0, 0, 0, 0, 0, +7,900 more]
 fw = {int[8000]@2056} [63, 62, 62, 61, 63, 61, 61, 63, 63, 62, 61, 63, 62, 61, 63, 64, 64, 64, 60, 60, 60, 60, 64, 64, 62, 61, 63, 60, 63, 65, 62, 66, 64, 64, 58, 58, 59, 58, 58, 64, 64, 61, 60, 62, 0, 0, 0, 0, 0, 0, 0, 0, 0, 0, 0, 0, 0, 0, 0, 0, 0, 0, 0, 0, 0, 0, 0, 0, 0, 0, 0, 0, 0, 0, 0, 0, 0, 0, 0, 0, 0, 0, 0, 0, 0, 0, 0, 0, 0, 0, 0, 0, 0, 0, 0, 0, 0, 0, 0, 0, +7,900 more]
 fx = {int[22]@2057} [16711680, 16744448, 16769024, 10543104, 57344, 32768, 41088, 45311, 33023, 12528, 14680288, 3158064, 6307840, 8409088, 16777215, 132957, 7496447, 8026746, 12255232, 8060928, 10752, 4130384]
 fy = 1
 fz = {int[19]@2058} [68, 68, 68, 1222, 0, 0, 0, 0, 250, 0, 0, 0, 0, 0, 0, 0, 0, 0, 0]
 fA = {int[19]@2059} [16760880, 16752704, 8409136, 6307872, 3158064, 16736288, 16728064, 16777215, 65280, 65535, 132957, 7496447, 41088, 16711935, 8026746, 12255232, 8060928, 10752, 4130384]
 fB = 48
 fC = 62
 fD = {d[1024]@2060}
 fE = {d[4000]@2061}
 fF = {int[5]@2062} [15523536, 13415270, 11766848, 10056486, 9461792]
 fG = {int[19]@2063} [1, 1, 1, 10, 1, 1, 1, 1, 3, 1, 1, 1, 1, 1, 1, 1, 1, 1, 1]
 fH = {int[19]@2064} [1, 1, 1, 10, 1, 1, 1, 1, 3, 1, 1, 1, 1, 1, 1, 1, 1, 1, 1]
 fI = {String[5]@2065} [null, null, null, null, null]
 fJ = {int[5]@2066} [1, 9, 9, 1, 1]
 fK = 0
 W = {boolean[50]@2067} [false, false, false, false, false, false, false, false, false, false, false, false, false, false, false, false, false, false, false, false, false, false, false, false, false, false, false, false, false, false, false, false, false, false, false, false, false, false, false, false, false, false, false, false, false, false, false, false, false, false]
 fL = 40
 fM = {String[1000]@2068} [null, null, null, null, null, +995 more]
 fN = {int[1000]@2069} [0, 0, 0, 0, 0, 0, 0, 0, 0, 0, 0, 0, 0, 0, 0, 0, 0, 0, 0, 0, 0, 0, 0, 0, 0, 0, 0, 0, 0, 0, 0, 0, 0, 0, 0, 0, 0, 0, 0, 0, 0, 0, 0, 0, 0, 0, 0, 0, 0, 0, 0, 0, 0, 0, 0, 0, 0, 0, 0, 0, 0, 0, 0, 0, 0, 0, 0, 0, 0, 0, 0, 0, 0, 0, 0, 0, 0, 0, 0, 0, 0, 0, 0, 0, 0, 0, 0, 0, 0, 0, 0, 0, 0, 0, 0, 0, 0, 0, 0, 0, +900 more]
 fO = {String[100]@2070} ["Black Knight's ...", "Cook's Assistan...", "Demon Slayer", "Doric's Quest", "The Restless Gh...", +95 more]
 fP = {String[500]@2071} [null, null, null, null, null, +495 more]
 fQ = {String[500]@2072} [null, null, null, null, null, +495 more]
 fR = {String[500]@2073} [null, null, null, null, null, +495 more]
 fS = {int[100]@2074} [0, 0, 0, 0, 0, 0, 0, 0, 0, 0, 0, 0, 0, 0, 0, 0, 0, 0, 0, 0, 0, 0, 0, 0, 0, 0, 0, 0, 0, 0, 0, 0, 0, 0, 0, 0, 0, 0, 0, 0, 0, 0, 0, 0, 0, 0, 0, 0, 0, 0, 0, 0, 0, 0, 0, 0, 0, 0, 0, 0, 0, 0, 0, 0, 0, 0, 0, 0, 0, 0, 0, 0, 0, 0, 0, 0, 0, 0, 0, 0, 0, 0, 0, 0, 0, 0, 0, 0, 0, 0, 0, 0, 0, 0, 0, 0, 0, 0, 0, 0]
 fT = {boolean[100]@2075} [false, false, false, false, false, false, false, false, false, false, false, false, false, false, false, false, false, false, false, false, false, false, false, false, false, false, false, false, false, false, false, false, false, false, false, false, false, false, false, false, false, false, false, false, false, false, false, false, false, false, false, false, false, false, false, false, false, false, false, false, false, false, false, false, false, false, false, false, false, false, false, false, false, false, false, false, false, false, false, false, false, false, false, false, false, false, false, false, false, false, false, false, false, false, false, false, false, false, false, false]
 fU = {int[500]@2076} [0, 0, 0, 0, 0, 0, 0, 0, 0, 0, 0, 0, 0, 0, 0, 0, 0, 0, 0, 0, 0, 0, 0, 0, 0, 0, 0, 0, 0, 0, 0, 0, 0, 0, 0, 0, 0, 0, 0, 0, 0, 0, 0, 0, 0, 0, 0, 0, 0, 0, 0, 0, 0, 0, 0, 0, 0, 0, 0, 0, 0, 0, 0, 0, 0, 0, 0, 0, 0, 0, 0, 0, 0, 0, 0, 0, 0, 0, 0, 0, 0, 0, 0, 0, 0, 0, 0, 0, 0, 0, 0, 0, 0, 0, 0, 0, 0, 0, 0, 0, +400 more]
 fV = 0
 fW = ""
 fX = 0
 fY = 0
 fZ = {d@2077}
 ga = -1
 gb = -1
 gc = ""
 gd = ""
 ge = false
 gf = true
 gg = false
 gh = 0
 gi = false
 gj = 0
 gk = 0
 gl = 0
 gm = 0
 gn = 0
 go = {int[256]@2078} [0, 0, 0, 0, 0, 0, 0, 0, 0, 0, 0, 0, 0, 0, 0, 0, 0, 0, 0, 0, 0, 0, 0, 0, 0, 0, 0, 0, 0, 0, 0, 0, 0, 0, 0, 0, 0, 0, 0, 0, 0, 0, 0, 0, 0, 0, 0, 0, 0, 0, 0, 0, 0, 0, 0, 0, 0, 0, 0, 0, 0, 0, 0, 0, 0, 0, 0, 0, 0, 0, 0, 0, 0, 0, 0, 0, 0, 0, 0, 0, 0, 0, 0, 0, 0, 0, 0, 0, 0, 0, 0, 0, 0, 0, 0, 0, 0, 0, 0, 0, +156 more]
 gp = {int[256]@2079} [0, 0, 0, 0, 0, 0, 0, 0, 0, 0, 0, 0, 0, 0, 0, 0, 0, 0, 0, 0, 0, 0, 0, 0, 0, 0, 0, 0, 0, 0, 0, 0, 0, 0, 0, 0, 0, 0, 0, 0, 0, 0, 0, 0, 0, 0, 0, 0, 0, 0, 0, 0, 0, 0, 0, 0, 0, 0, 0, 0, 0, 0, 0, 0, 0, 0, 0, 0, 0, 0, 0, 0, 0, 0, 0, 0, 0, 0, 0, 0, 0, 0, 0, 0, 0, 0, 0, 0, 0, 0, 0, 0, 0, 0, 0, 0, 0, 0, 0, 0, +156 more]
 gq = {int[256]@2080} [0, 0, 0, 0, 0, 0, 0, 0, 0, 0, 0, 0, 0, 0, 0, 0, 0, 0, 0, 0, 0, 0, 0, 0, 0, 0, 0, 0, 0, 0, 0, 0, 0, 0, 0, 0, 0, 0, 0, 0, 0, 0, 0, 0, 0, 0, 0, 0, 0, 0, 0, 0, 0, 0, 0, 0, 0, 0, 0, 0, 0, 0, 0, 0, 0, 0, 0, 0, 0, 0, 0, 0, 0, 0, 0, 0, 0, 0, 0, 0, 0, 0, 0, 0, 0, 0, 0, 0, 0, 0, 0, 0, 0, 0, 0, 0, 0, 0, 0, 0, +156 more]
 gr = 0
 gs = -1
 gt = -2
 gu = 0
 gv = false
 gw = false
 gx = false
 gy = false
 gz = false
 gA = false
 gB = false
 gC = false
 gD = false
 gE = false
 gF = false
 gG = false
 X = 0
 gH = 0
 gI = {String[19]@2081} ["Attack", "Defense", "Strength", "Hits", "Ranged", +14 more]
 gJ = {String[19]@2082} ["Attack", "Defense", "Strength", "Hits", "Ranged", +14 more]
 gK = null
 gL = true
 gM = 0
 gN = {byte[171471]@2083} [0, 37, -57, -78, -15, -128, 0, 16, 119, 0, 16, 119, -7, 55, 48, 124, 0, 17, -4, 0, 17, -4, -6, 10, 117, -51, 0, 17, -33, 0, 17, -33, -71, 73, -68, 114, 0, 2, -128, 0, 2, -128, 23, 94, -60, -66, 0, 4, -80, 0, 4, -80, 58, -34, -121, 39, 0, 15, -96, 0, 15, -96, 60, 70, 62, 76, 0, 31, 36, 0, 31, 36, 103, -89, 125, -33, 0, 26, 63, 0, 26, 63, 125, -6, -52, 120, 0, 38, -80, 0, 38, -80, -48, -87, -102, 28, 0, 13, -78, 0, +171,371 more]
 gO = 18
 gP = 1
 gQ = {c@2084}
 gR = 0
 gS = 0
 gT = "Some Thing"
 gU = false
 gV = false
 gW = false
 gX = false
 gY = 0
 gZ = {int[50]@2086} [0, 0, 0, 0, 0, 0, 0, 0, 0, 0, 0, 0, 0, 0, 0, 0, 0, 0, 0, 0, 0, 0, 0, 0, 0, 0, 0, 0, 0, 0, 0, 0, 0, 0, 0, 0, 0, 0, 0, 0, 0, 0, 0, 0, 0, 0, 0, 0, 0, 0]
 ha = {int[50]@2087} [0, 0, 0, 0, 0, 0, 0, 0, 0, 0, 0, 0, 0, 0, 0, 0, 0, 0, 0, 0, 0, 0, 0, 0, 0, 0, 0, 0, 0, 0, 0, 0, 0, 0, 0, 0, 0, 0, 0, 0, 0, 0, 0, 0, 0, 0, 0, 0, 0, 0]
 hb = {int[50]@2088} [0, 0, 0, 0, 0, 0, 0, 0, 0, 0, 0, 0, 0, 0, 0, 0, 0, 0, 0, 0, 0, 0, 0, 0, 0, 0, 0, 0, 0, 0, 0, 0, 0, 0, 0, 0, 0, 0, 0, 0, 0, 0, 0, 0, 0, 0, 0, 0, 0, 0]
 hc = {int[50]@2089} [0, 0, 0, 0, 0, 0, 0, 0, 0, 0, 0, 0, 0, 0, 0, 0, 0, 0, 0, 0, 0, 0, 0, 0, 0, 0, 0, 0, 0, 0, 0, 0, 0, 0, 0, 0, 0, 0, 0, 0, 0, 0, 0, 0, 0, 0, 0, 0, 0, 0]
 hd = 128
 he = false
 hf = false
 hg = false
 hh = {int[14]@2090} [0, 0, 0, 0, 0, 0, 0, 0, 0, 0, 0, 0, 0, 0]
 hi = 0
 hj = {int[14]@2091} [0, 0, 0, 0, 0, 0, 0, 0, 0, 0, 0, 0, 0, 0]
 hk = 0
 hl = 0
 hm = {int[14]@2092} [0, 0, 0, 0, 0, 0, 0, 0, 0, 0, 0, 0, 0, 0]
 hn = {int[14]@2093} [0, 0, 0, 0, 0, 0, 0, 0, 0, 0, 0, 0, 0, 0]
 ho = false
 hp = {int[14]@2094} [0, 0, 0, 0, 0, 0, 0, 0, 0, 0, 0, 0, 0, 0]
 hq = {int[14]@2095} [0, 0, 0, 0, 0, 0, 0, 0, 0, 0, 0, 0, 0, 0]
 hr = 0
 hs = null
 ht = {int[14]@2096} [0, 0, 0, 0, 0, 0, 0, 0, 0, 0, 0, 0, 0, 0]
 hu = {int[14]@2097} [0, 0, 0, 0, 0, 0, 0, 0, 0, 0, 0, 0, 0, 0]
 hv = 0
 hw = ""
 hx = 0
 hy = "Man1234"
 hz = {boolean[500]@2099} [false, false, false, false, false, false, false, false, false, false, false, false, false, false, false, false, false, false, false, false, false, false, false, false, false, false, false, false, false, false, false, false, false, false, false, false, false, false, false, false, false, false, false, false, false, false, false, false, false, false, false, false, false, false, false, false, false, false, false, false, false, false, false, false, false, false, false, false, false, false, false, false, false, false, false, false, false, false, false, false, false, false, false, false, false, false, false, false, false, false, false, false, false, false, false, false, false, false, false, false, +400 more]
 hA = 4
 hB = {int[500]@2100} [2, 1, 0, 0, 0, 0, 0, 0, 0, 0, 0, 0, 0, 0, 0, 0, 0, 0, 0, 0, 0, 0, 0, 0, 0, 0, 0, 0, 0, 0, 0, 0, 0, 0, 0, 0, 0, 0, 0, 0, 0, 0, 0, 0, 0, 0, 0, 0, 0, 0, 0, 0, 0, 0, 0, 0, 0, 0, 0, 0, 0, 0, 0, 0, 0, 0, 0, 0, 0, 0, 0, 0, 0, 0, 0, 0, 0, 0, 0, 0, 0, 0, 0, 0, 0, 0, 0, 0, 0, 0, 0, 0, 0, 0, 0, 0, 0, 0, 0, 0, +400 more]
 hC = {int[500]@2101} [1, 1, 1, 1, 0, 0, 0, 0, 0, 0, 0, 0, 0, 0, 0, 0, 0, 0, 0, 0, 0, 0, 0, 0, 0, 0, 0, 0, 0, 0, 0, 0, 0, 0, 0, 0, 0, 0, 0, 0, 0, 0, 0, 0, 0, 0, 0, 0, 0, 0, 0, 0, 0, 0, 0, 0, 0, 0, 0, 0, 0, 0, 0, 0, 0, 0, 0, 0, 0, 0, 0, 0, 0, 0, 0, 0, 0, 0, 0, 0, 0, 0, 0, 0, 0, 0, 0, 0, 0, 0, 0, 0, 0, 0, 0, 0, 0, 0, 0, 0, +400 more]
 hD = {b[500]@2102}
 hE = {int[500]@2103} [36, 38, 35, 40, 0, 0, 0, 0, 0, 0, 0, 0, 0, 0, 0, 0, 0, 0, 0, 0, 0, 0, 0, 0, 0, 0, 0, 0, 0, 0, 0, 0, 0, 0, 0, 0, 0, 0, 0, 0, 0, 0, 0, 0, 0, 0, 0, 0, 0, 0, 0, 0, 0, 0, 0, 0, 0, 0, 0, 0, 0, 0, 0, 0, 0, 0, 0, 0, 0, 0, 0, 0, 0, 0, 0, 0, 0, 0, 0, 0, 0, 0, 0, 0, 0, 0, 0, 0, 0, 0, 0, 0, 0, 0, 0, 0, 0, 0, 0, 0, +400 more]
 hF = {int[500]@2104} [65, 52, 55, 76, 0, 0, 0, 0, 0, 0, 0, 0, 0, 0, 0, 0, 0, 0, 0, 0, 0, 0, 0, 0, 0, 0, 0, 0, 0, 0, 0, 0, 0, 0, 0, 0, 0, 0, 0, 0, 0, 0, 0, 0, 0, 0, 0, 0, 0, 0, 0, 0, 0, 0, 0, 0, 0, 0, 0, 0, 0, 0, 0, 0, 0, 0, 0, 0, 0, 0, 0, 0, 0, 0, 0, 0, 0, 0, 0, 0, 0, 0, 0, 0, 0, 0, 0, 0, 0, 0, 0, 0, 0, 0, 0, 0, 0, 0, 0, 0, +400 more]
 hG = 0
 hH = "103.240.194.147"
 hI = "103.240.194.147"
 hJ = 0
 hK = true
 hL = 1
 hM = 0
 hN = 0
 hO = {e@2106}
 hP = 2304
 hQ = 1776
 hR = 0
 hS = 0
 Y = 0
 Z = 0
 aa = 0
 ab = null
 ac = false
 ad = {int[19]@2107} [0, 0, 0, 0, 0, 0, 0, 0, 0, 0, 0, 0, 0, 0, 0, 0, 0, 0, 0]
 ae = {int[19]@2108} [0, 0, 0, 0, 0, 0, 0, 0, 0, 0, 0, 0, 0, 0, 0, 0, 0, 0, 0]
 af = 0
 ag = 0
 hT = {A@2109}
 hU = -1
 ah = 0
 ai = 0
 hV = 0
 hW = {Timer@2110}
 hX = true
 hY = null
 hZ = {ArrayList@2111}  size = 0
 ia = {c@2112}
 ib = {ag@2113}
 ic = {g@2114}
 id = {ar@2115}
 ie = {D@2116}
 if = {Y@2117}
 ig = {aE@2118}
 ih = {J@2119}
 ii = {b@2120}
 ij = {a@2121}
 ik = {c@2122}
 il = {bg@2123}
 aj = {ac@2124}
 ak = {S@2125}
 im = {a@2126}
 in = {bd@2127}
 io = {Z@2128}
 ip = {av@2129}
 iq = {P@2130}
 al = {a@2131}
 ir = null
 am = null
 is = 0
 it = 0
 an = null
 iu = 1
 iv = {LinkedList@2132}  size = 0
 iw = false
 ix = true
 iy = 1
 iz = 2
 iA = 5
 iB = 6
 iC = 7
 iD = 3
